0.005496
0.005496
0.005497
0.005497
0.005497
0.005497
0.005578
0.005578
0.005578
0.005578
0.005578
0.005578
0.005578
0.005578
0.005717
0.005717
0.005717
0.005717
0.005717
0.005717
0.005717
0.005717
0.005717
0.005717
0.005717
0.005717
0.005717
0.005717
0.005717
0.005717
0.005717
0.005717
0.005717
0.005717
0.005717
0.005717
0.005717
0.005717
0.005717
0.005717
0.005717
0.005717
0.005717
0.005717
0.005717
0.005717
0.005914
0.005914
0.005914
0.005914
0.005914
0.005914
0.005914
0.005914
0.006036
0.006036
0.006036
0.006036
0.006036
0.006036
0.006036
0.006036
0.006036
0.006036
0.006036
0.006036
0.006036
0.006036
0.006036
0.006036
0.006036
0.006036
0.006036
0.006036
0.006036
0.006036
0.006036
0.006036
0.006036
0.006036
0.006036
0.006036
0.006036
0.006036
0.006036
0.006036
0.006036
0.006036
0.006036
0.006036
0.006036
0.006036
0.006036
0.006036
0.006036
0.006036
0.006036
0.006036
0.006036
0.006036
0.006036
0.006036
0.006036
0.006036
0.006036
0.006036
0.006036
0.006036
0.006036
0.006036
0.006050
0.006050
0.006050
0.006050
0.006050
0.006050
0.006050
0.006050
0.006050
0.006050
0.006050
0.006050
0.006050
0.006050
0.006050
0.006050
0.006050
0.006050
0.006050
0.006050
0.006050
0.006050
0.006050
0.006050
0.006050
0.006050
0.006050
0.006050
0.006050
0.006050
0.006050
0.006050
0.006050
0.006050
0.006050
0.006050
0.006050
0.006050
0.006050
0.006050
0.006050
0.006050
0.006050
0.006050
0.006050
0.006050
0.006050
0.006050
0.006050
0.006050
0.006050
0.006050
0.006050
0.006050
0.006050
0.006050
0.006050
0.006050
0.006050
0.006050
0.006050
0.006050
0.006050
0.006050
0.006050
0.006050
0.006050
0.006050
0.006050
0.006050
0.006050
0.006050
0.006050
0.006050
0.006050
0.006050
0.006425
0.006425
0.006425
0.006425
0.006540
0.006540
0.006540
0.006540
0.006540
0.006540
0.006540
0.006540
0.006540
0.006540
0.006540
0.006540
0.006540
0.006540
0.006540
0.006540
0.006540
0.006540
0.006540
0.006540
0.006540
0.006540
0.006540
0.006540
0.006585
0.006585
0.006585
0.006585
0.006585
0.006585
0.006585
0.006585
0.007566
0.007566
0.007566
0.007566
0.007849
0.007849
0.007849
0.007849
0.007849
0.007849
0.007849
0.007849
0.008268
0.008268
0.008268
0.008268
0.008406
0.008406
0.008406
0.008406
0.008406
0.008406
0.008406
0.008406
0.008406
0.008406
0.008406
0.008406
0.008406
0.008406
0.008406
0.008406
0.008406
0.008406
0.008406
0.008406
0.008406
0.008406
0.008406
0.008406
0.008406
0.008406
0.008406
0.008406
0.008406
0.008406
0.008406
0.008406
0.008406
0.008406
0.008406
0.008406
0.008406
0.008406
0.008406
0.008406
0.008406
0.008406
0.008406
0.008406
0.008406
0.008406
0.008406
0.008406
0.008406
0.008406
0.008406
0.008406
0.008406
0.008406
0.008406
0.008406
0.008406
0.008406
0.008406
0.008406
0.008406
0.008406
0.008406
0.008406
0.008406
0.008406
0.008406
0.008406
0.008406
0.008406
0.008406
0.008406
0.008406
0.008406
0.008406
0.008406
0.008406
0.008406
0.008406
0.008406
0.008406
0.008406
0.008406
0.008406
0.008406
0.008406
0.008406
0.008406
0.008406
0.008406
0.008406
0.008406
0.008406
0.008406
0.008406
0.008406
0.008406
0.008406
0.008406
0.008406
0.008406
0.008406
0.008406
0.008406
0.008406
0.008406
0.008406
0.008406
0.008406
0.008406
0.008406
0.008406
0.008406
0.008406
0.008406
0.008406
0.008406
0.008406
0.008406
0.008406
0.008406
0.008406
0.008406
0.008406
0.008406
0.008406
0.008406
0.008406
0.008406
0.008406
0.008406
0.008406
0.008406
0.008406
0.008406
0.008406
0.008406
0.008406
0.008406
0.008406
0.008406
0.008406
0.008406
0.008406
0.008406
0.008406
0.008406
0.008406
0.008406
0.008406
0.008406
0.008406
0.008406
0.008406
0.008406
0.008406
0.008406
0.008406
0.008406
0.008406
0.008406
0.008406
0.008406
0.008406
0.008406
0.008406
0.008406
0.008406
0.008406
0.008406
0.008406
0.008406
0.008406
0.008406
0.008406
0.008406
0.008406
0.008406
0.008406
0.008406
0.008406
0.008406
0.008406
0.008406
0.008406
0.008406
0.008406
0.008406
0.008406
0.008406
0.008406
0.008406
0.008406
0.008406
0.008406
0.008406
0.008406
0.008406
0.008406
0.008406
0.008406
0.008406
0.008406
0.008406
0.008406
0.008406
0.008406
0.008406
0.008406
0.008406
0.008406
0.008406
0.008406
0.008406
0.008406
0.008406
0.008406
0.008406
0.008406
0.008406
0.008406
0.008406
0.008406
0.008406
0.008406
0.008406
0.008406
0.008406
0.008406
0.008406
0.008406
0.008406
0.008406
0.008406
0.008406
0.008406
0.008406
0.008406
0.008406
0.008406
0.008406
0.008406
0.008406
0.008406
0.008406
0.008406
0.008406
0.008406
0.008406
0.008406
0.008406
0.008406
0.008406
0.008406
0.008406
0.008406
0.008406
0.008406
0.008406
0.008406
0.008406
0.008406
0.008406
0.008406
0.008406
0.008406
0.008406
0.008406
0.008406
0.008406
0.008406
0.008406
0.008406
0.008406
0.008406
0.008406
0.008406
0.008406
0.008406
0.008406
0.008406
0.008406
0.008406
0.008406
0.008406
0.008406
0.008406
0.008406
0.008406
0.008406
0.008406
0.008406
0.008406
0.008406
0.008406
0.008406
0.008406
0.008406
0.008406
0.008406
0.008406
0.008406
0.008406
0.008406
0.008406
0.008406
0.008406
0.008406
0.008406
0.008406
0.008406
0.008406
0.008406
0.008406
0.008406
0.008406
0.008406
0.008406
0.008406
0.008406
0.008406
0.008406
0.008406
0.008406
0.008406
0.008406
0.008406
0.008406
0.008406
0.008406
0.008406
0.008406
0.008406
0.008406
0.008406
0.008406
0.008406
0.008406
0.008406
0.008406
0.008406
0.008406
0.008406
0.008406
0.008406
0.008406
0.008406
0.008406
0.008406
0.008406
0.008406
0.008406
0.008406
0.008406
0.008406
0.008406
0.008406
0.008406
0.008406
0.008406
0.008406
0.008406
0.008406
0.008406
0.008406
0.008406
0.008406
0.008406
0.008406
0.008406
0.008406
0.008406
0.008406
0.008406
0.008406
0.008406
0.008406
0.008406
0.008406
0.008406
0.008406
0.008406
0.008406
0.008406
0.008406
0.008406
0.008406
0.008406
0.008406
0.008406
0.008406
0.008406
0.008406
0.008406
0.008406
0.008406
0.008406
0.008406
0.008406
0.008406
0.008406
0.008406
0.008406
0.008406
0.008406
0.008406
0.008406
0.008406
0.008406
0.008406
0.008406
0.008406
0.008406
0.008406
0.008406
0.008406
0.008406
0.008406
0.008406
0.008406
0.008406
0.008406
0.008406
0.008406
0.008406
0.008406
0.008406
0.008406
0.008406
0.008406
0.008406
0.008406
0.008406
0.008406
0.008406
0.008406
0.008406
0.008406
0.008406
0.008406
0.008406
0.008406
0.008406
0.008406
0.008406
0.008406
0.008406
0.008406
0.008406
0.008406
0.008406
0.008406
0.008406
0.008406
0.008406
0.008406
0.008406
0.008406
0.008406
0.008406
0.008406
0.008406
0.008406
0.008406
0.008406
0.008406
0.008406
0.008406
0.008406
0.008406
0.008406
0.008406
0.008406
0.008406
0.008406
0.008406
0.008406
0.008406
0.008406
0.008406
0.008406
0.008406
0.008406
0.008406
0.008406
0.008406
0.008406
0.008406
0.008406
0.008406
0.008406
0.008406
0.008406
0.008406
0.008406
0.008406
0.008406
0.008406
0.008406
0.008406
0.008406
0.008406
0.008406
0.008406
0.008406
0.008406
0.008406
0.008406
0.008406
0.008406
0.008406
0.008406
0.008406
0.008406
0.008406
0.008406
0.008406
0.008406
0.008406
0.008406
0.008406
0.008406
0.008406
0.008406
0.008406
0.008406
0.008406
0.008406
0.008440
0.008440
0.008440
0.008440
0.008440
0.008440
0.008440
0.008440
0.008521
0.008521
0.008521
0.008521
0.008578
0.008578
0.008578
0.008578
0.008578
0.008578
0.008578
0.008578
0.008578
0.008578
0.008578
0.008578
0.008578
0.008578
0.008578
0.008578
0.008578
0.008578
0.008578
0.008578
0.008610
0.008610
0.008610
0.008610
0.008888
0.008888
0.008888
0.008888
0.008888
0.008888
0.008888
0.008888
0.008935
0.008935
0.008935
0.008935
0.008963
0.008963
0.008963
0.008963
0.008963
0.008963
0.008963
0.008963
0.008963
0.008963
0.008963
0.008963
0.008963
0.008963
0.008963
0.008963
0.008963
0.008963
0.008963
0.008963
0.008963
0.008963
0.008963
0.008963
0.008963
0.008963
0.008963
0.008963
0.008963
0.008963
0.008963
0.008963
0.008963
0.008963
0.008963
0.008963
0.008963
0.008963
0.008963
0.008963
0.008963
0.008963
0.008963
0.008963
0.008963
0.008963
0.008963
0.008963
0.008963
0.008963
0.008963
0.008963
0.008963
0.008963
0.008963
0.008963
0.008963
0.008963
0.008963
0.008963
0.008963
0.008963
0.008963
0.008963
0.008963
0.008963
0.008963
0.008963
0.008963
0.008963
0.008963
0.008963
0.008963
0.008963
0.008963
0.008963
0.008963
0.008963
0.008963
0.008963
0.008963
0.008963
0.008963
0.008963
0.008963
0.008963
0.008963
0.008963
0.008963
0.008963
0.008963
0.008963
0.008963
0.008963
0.008963
0.008963
0.008963
0.008963
0.008963
0.008963
0.008963
0.008963
0.008963
0.008963
0.008963
0.008963
0.008963
0.008963
0.008963
0.008963
0.008963
0.008963
0.008963
0.008963
0.008963
0.008963
0.008963
0.008963
0.008963
0.008963
0.008963
0.008963
0.008963
0.008963
0.008963
0.008963
0.008963
0.008963
0.008963
0.008963
0.008963
0.008963
0.008963
0.008963
0.008963
0.008963
0.008963
0.008963
0.008963
0.008963
0.008963
0.008963
0.008963
0.008963
0.008963
0.008963
0.008963
0.008963
0.008963
0.008963
0.008963
0.008963
0.008963
0.008963
0.008963
0.008963
0.008963
0.008963
0.008963
0.008963
0.008963
0.008963
0.008963
0.008963
0.008963
0.008963
0.008963
0.008963
0.008963
0.008963
0.008963
0.008963
0.008963
0.008963
0.008963
0.008963
0.008963
0.008963
0.008963
0.008963
0.008963
0.008963
0.008963
0.008963
0.008963
0.008963
