20,0,1&20,1,1: 5000.000000, 0.250000, 3.141593
19,1,1&20,0,1: 5000.000000, 0.250000, 3.141593
19,1,1&20,1,1: 5000.000000, 0.250000, 3.141593
19,0,1&20,1,1: 5000.000000, 0.250000, 3.141593
20,0,0&20,0,1: 5000.000000, 0.250000, 3.141593
20,0,0&20,1,1: 5000.000000, 0.250000, 3.141593
19,1,1&20,0,0: 5000.000000, 0.250000, 3.141593
19,0,1&20,0,0: 5000.000000, 0.250000, 3.141593
20,0,1&20,1,0: 5000.000000, 0.250000, 3.141593
19,1,1&20,1,0: 5000.000000, 0.250000, 3.141593
19,0,1&20,1,0: 5000.000000, 0.250000, 3.141593
20,0,0&20,1,0: 5000.000000, 0.250000, 3.141593
19,1,0&20,1,1: 5000.000000, 0.250000, 3.141593
19,1,0&20,0,0: 5000.000000, 0.250000, 3.141593
19,0,0&20,0,1: 5000.000000, 0.250000, 3.141593
19,0,0&20,1,1: 5000.000000, 0.250000, 3.141593
19,0,0&20,0,0: 5000.000000, 0.250000, 3.141593
19,0,0&20,1,0: 5000.000000, 0.250000, 3.141593
19,0,1&19,1,1: 5000.000000, 0.250000, 3.141593
18,1,1&19,0,1: 5000.000000, 0.250000, 3.141593
18,0,1&19,1,1: 5000.000000, 0.250000, 3.141593
18,1,1&19,0,0: 5000.000000, 0.250000, 3.141593
18,0,1&19,0,0: 5000.000000, 0.250000, 3.141593
19,1,0&19,1,1: 5000.000000, 0.250000, 3.141593
18,1,1&19,1,0: 5000.000000, 0.250000, 3.141593
18,0,1&19,1,0: 5000.000000, 0.250000, 3.141593
18,1,0&19,0,1: 5000.000000, 0.250000, 3.141593
18,1,0&19,1,1: 5000.000000, 0.250000, 3.141593
18,1,0&19,0,0: 5000.000000, 0.250000, 3.141593
18,1,0&19,1,0: 5000.000000, 0.250000, 3.141593
18,0,0&19,1,1: 5000.000000, 0.250000, 3.141593
18,0,0&19,1,0: 5000.000000, 0.250000, 3.141593
19,1,0&20,1,0: 5000.000000, 0.250000, 3.141593
18,0,1&18,1,1: 5000.000000, 0.250000, 3.141593
18,0,0&19,0,1: 5000.000000, 0.250000, 3.141593
17,1,1&18,0,1: 5000.000000, 0.250000, 3.141593
17,1,1&18,0,0: 5000.000000, 0.250000, 3.141593
4,0,0&5,0,0: 5000.000000, 0.250000, 3.141593
15,1,0&16,0,1: 5000.000000, 0.250000, 3.141593
17,0,1&18,1,0: 5000.000000, 0.250000, 3.141593
17,1,0&18,0,0: 5000.000000, 0.250000, 3.141593
17,1,0&18,1,0: 5000.000000, 0.250000, 3.141593
17,0,0&18,0,0: 5000.000000, 0.250000, 3.141593
3,0,0&3,1,0: 0.000000, 0.255285, 3.209080
7,1,1&8,0,1: 5000.000000, 0.250000, 3.141593
17,0,0&18,1,0: 5000.000000, 0.250000, 3.141593
9,0,1&9,1,0: 20000.000000, 0.237727, 2.985535
16,1,1&17,0,1: 0.000000, 0.259412, 3.085858
16,1,1&17,1,1: 0.000000, 0.249235, 3.043896
15,0,1&16,0,1: 5000.000000, 0.250000, 3.141593
8,0,0&9,1,0: 5000.000000, 0.243351, 3.064246
16,0,1&17,1,1: 0.000000, 0.245204, 3.042097
17,0,0&17,1,1: 0.000000, 0.253614, 3.283478
19,0,1&19,1,0: 5000.000000, 0.250000, 3.141593
11,0,0&12,0,0: 5000.000000, 0.250000, 3.141593
16,1,1&17,0,0: 0.000000, 0.260144, 3.050415
16,0,1&17,0,0: 0.000000, 0.244861, 3.206125
0,1,0&0,1,1: 5000.000000, 0.250000, 3.141593
17,1,0&17,1,1: 0.000000, 0.242499, 3.181174
16,0,1&17,1,0: 0.000000, 0.248566, 3.127244
16,1,0&17,1,1: 0.000000, 0.246101, 3.039860
16,1,0&17,1,0: 0.000000, 0.245658, 3.086429
0,1,1&1,1,1: 5000.000000, 0.250000, 3.141593
17,1,0&18,0,1: 5000.000000, 0.250000, 3.141593
16,0,0&17,1,1: 0.000000, 0.241397, 3.199256
8,1,1&9,1,0: 5000.000000, 0.242459, 3.296242
16,0,0&17,0,0: 0.000000, 0.259467, 3.065919
12,1,1&13,0,0: 5000.000000, 0.253673, 3.231486
14,0,0&15,0,0: 5000.000000, 0.250000, 3.141593
16,0,1&16,1,1: 0.000000, 0.239282, 3.012090
12,1,0&13,0,1: 5000.000000, 0.254505, 3.086764
16,0,0&16,0,1: 0.000000, 0.239811, 3.093919
7,0,0&7,1,0: 1000.000000, 0.237560, 3.015717
15,1,1&16,0,0: 5000.000000, 0.250000, 3.141593
15,1,1&16,1,0: 5000.000000, 0.250000, 3.141593
2,0,0&3,1,1: 5000.000000, 0.250000, 3.141593
15,1,0&16,1,1: 5000.000000, 0.250000, 3.141593
15,1,0&16,0,0: 5000.000000, 0.250000, 3.141593
15,1,0&16,1,0: 5000.000000, 0.250000, 3.141593
15,0,0&16,0,1: 5000.000000, 0.250000, 3.141593
11,1,0&12,1,1: 5000.000000, 0.250000, 3.141593
18,0,0&18,0,1: 5000.000000, 0.250000, 3.141593
15,0,0&16,0,0: 5000.000000, 0.250000, 3.141593
15,0,0&15,1,1: 5000.000000, 0.250000, 3.141593
11,0,1&11,1,1: 1000.000000, 0.250806, 2.999636
14,1,1&15,0,0: 5000.000000, 0.250000, 3.141593
14,1,0&15,0,1: 5000.000000, 0.250000, 3.141593
14,1,0&15,1,1: 5000.000000, 0.250000, 3.141593
7,0,1&7,1,1: 1000.000000, 0.261644, 3.233563
14,1,0&15,1,0: 5000.000000, 0.250000, 3.141593
17,0,1&17,1,1: 0.000000, 0.256609, 3.154587
12,1,0&13,1,0: 5000.000000, 0.260241, 3.171709
8,0,1&9,0,1: 5000.000000, 0.261416, 3.169840
14,0,0&15,0,1: 5000.000000, 0.250000, 3.141593
14,0,0&15,1,0: 5000.000000, 0.250000, 3.141593
17,0,1&18,1,1: 5000.000000, 0.250000, 3.141593
16,1,0&17,0,1: 0.000000, 0.261541, 3.021583
13,1,1&14,1,1: 20000.000000, 0.238497, 3.290310
7,1,0&8,1,0: 5000.000000, 0.250000, 3.141593
13,0,1&14,0,1: 20000.000000, 0.253007, 3.077190
17,0,1&18,0,0: 5000.000000, 0.250000, 3.141593
13,0,1&14,1,1: 20000.000000, 0.242025, 3.260795
14,0,0&14,0,1: 20000.000000, 0.244545, 3.295136
13,1,1&14,1,0: 20000.000000, 0.257454, 3.273518
13,0,1&14,1,0: 20000.000000, 0.259191, 3.168272
13,1,0&14,0,1: 20000.000000, 0.243023, 3.269644
14,0,0&14,1,1: 20000.000000, 0.244986, 3.139850
13,1,0&14,1,0: 20000.000000, 0.237777, 3.100343
13,0,0&14,0,1: 20000.000000, 0.244924, 3.203866
13,0,0&14,0,0: 20000.000000, 0.246348, 3.104274
4,0,1&5,1,0: 5000.000000, 0.250000, 3.141593
12,1,1&13,0,1: 5000.000000, 0.243391, 3.159072
13,0,1&13,1,0: 20000.000000, 0.237819, 2.863435
16,0,0&16,1,0: 0.000000, 0.260190, 3.041270
13,0,0&13,1,0: 20000.000000, 0.253293, 2.935572
14,0,1&15,0,0: 5000.000000, 0.250000, 3.141593
10,0,1&9,0,0: 20000.000000, 0.241921, 3.276734
14,1,0&15,0,0: 5000.000000, 0.250000, 3.141593
0,0,1&1,0,0: 5000.000000, 0.250000, 3.141593
14,1,1&15,1,0: 5000.000000, 0.250000, 3.141593
12,0,1&13,0,1: 5000.000000, 0.252800, 3.228454
19,0,0&19,1,1: 5000.000000, 0.250000, 3.141593
12,1,0&13,0,0: 5000.000000, 0.254273, 3.018813
12,0,0&13,1,1: 5000.000000, 0.256994, 3.083188
2,1,0&2,1,1: 5000.000000, 0.246402, 3.238987
12,0,1&12,1,1: 5000.000000, 0.252863, 3.291464
11,1,1&12,0,1: 5000.000000, 0.250000, 3.141593
11,0,1&12,0,1: 5000.000000, 0.250000, 3.141593
1,0,1&2,1,1: 5000.000000, 0.252906, 3.260944
14,0,0&15,1,1: 5000.000000, 0.250000, 3.141593
11,0,1&12,1,1: 5000.000000, 0.250000, 3.141593
11,0,1&11,1,0: 1000.000000, 0.239417, 3.275527
12,0,0&12,1,1: 5000.000000, 0.238367, 3.271153
17,1,1&18,1,0: 5000.000000, 0.250000, 3.141593
4,1,1&5,1,0: 5000.000000, 0.250000, 3.141593
11,0,1&12,0,0: 5000.000000, 0.250000, 3.141593
15,0,0&16,1,1: 5000.000000, 0.250000, 3.141593
7,0,1&8,1,1: 5000.000000, 0.250000, 3.141593
12,0,0&13,0,0: 5000.000000, 0.254127, 3.068695
5,1,1&6,1,1: 20000.000000, 0.256170, 3.067707
12,0,1&12,1,0: 5000.000000, 0.262279, 3.113356
11,0,1&12,1,0: 5000.000000, 0.250000, 3.141593
11,1,0&12,1,0: 5000.000000, 0.250000, 3.141593
14,0,1&15,0,1: 5000.000000, 0.250000, 3.141593
12,0,0&13,0,1: 5000.000000, 0.261575, 3.253417
11,0,0&12,1,1: 5000.000000, 0.250000, 3.141593
15,0,0&15,1,0: 5000.000000, 0.250000, 3.141593
10,1,1&11,0,1: 1000.000000, 0.258361, 3.169669
19,0,0&19,0,1: 5000.000000, 0.250000, 3.141593
10,1,1&11,1,1: 1000.000000, 0.245253, 3.287585
3,0,0&3,0,1: 0.000000, 0.249533, 3.073421
10,0,1&11,1,1: 1000.000000, 0.255464, 3.259490
11,1,0&12,0,0: 5000.000000, 0.250000, 3.141593
17,0,1&18,0,1: 5000.000000, 0.250000, 3.141593
11,0,0&11,0,1: 1000.000000, 0.254321, 3.177975
10,1,1&11,0,0: 1000.000000, 0.247879, 3.115086
14,0,1&15,1,1: 5000.000000, 0.250000, 3.141593
14,0,1&14,1,1: 20000.000000, 0.241839, 3.290081
13,0,0&13,1,1: 20000.000000, 0.263097, 3.012952
10,0,1&11,0,0: 1000.000000, 0.256710, 3.106712
10,0,1&11,1,0: 1000.000000, 0.259151, 3.223949
16,1,0&17,0,0: 0.000000, 0.245618, 3.226526
0,0,0&1,0,0: 5000.000000, 0.250000, 3.141593
11,0,0&11,1,0: 1000.000000, 0.242473, 3.051503
10,1,0&11,0,1: 1000.000000, 0.258951, 3.096913
5,0,0&5,1,1: 20000.000000, 0.244490, 3.079666
14,1,1&15,1,1: 5000.000000, 0.250000, 3.141593
14,1,0&14,1,1: 20000.000000, 0.244617, 3.246760
10,1,0&11,1,1: 1000.000000, 0.259416, 3.193938
14,0,1&15,1,0: 5000.000000, 0.250000, 3.141593
10,1,0&11,0,0: 1000.000000, 0.244540, 3.289674
10,0,0&11,1,0: 1000.000000, 0.239154, 3.279662
10,0,1&10,1,1: 20000.000000, 0.272350, 3.206603
10,0,0&10,1,1: 20000.000000, 0.254129, 3.182895
16,0,0&17,0,1: 0.000000, 0.247209, 3.290491
15,0,1&15,1,0: 5000.000000, 0.250000, 3.141593
10,1,1&9,1,1: 20000.000000, 0.259878, 3.017051
10,1,1&9,0,1: 20000.000000, 0.239964, 3.120836
19,1,0&20,0,1: 5000.000000, 0.250000, 3.141593
10,0,0&10,0,1: 20000.000000, 0.256008, 3.083074
10,0,0&9,1,1: 20000.000000, 0.243719, 3.262331
10,0,1&9,1,1: 20000.000000, 0.255091, 3.012214
10,1,0&10,1,1: 20000.000000, 0.244343, 3.038059
8,1,0&9,1,1: 5000.000000, 0.246895, 3.276898
10,1,0&9,1,1: 20000.000000, 0.258603, 3.105807
17,1,0&18,1,1: 5000.000000, 0.250000, 3.141593
17,0,1&17,1,0: 0.000000, 0.238869, 3.046782
11,0,0&12,1,0: 5000.000000, 0.250000, 3.141593
10,0,1&9,0,1: 20000.000000, 0.238896, 3.040475
10,1,1&9,1,0: 20000.000000, 0.254981, 3.130227
10,0,0&9,1,0: 20000.000000, 0.255836, 3.215220
16,0,1&17,0,1: 0.000000, 0.253202, 3.132452
11,1,1&12,1,0: 5000.000000, 0.250000, 3.141593
10,1,0&9,1,0: 20000.000000, 0.246375, 3.204029
10,0,0&9,0,0: 20000.000000, 0.258296, 3.293073
9,0,1&9,1,1: 20000.000000, 0.255170, 3.027681
18,1,0&18,1,1: 5000.000000, 0.250000, 3.141593
8,1,1&9,0,1: 5000.000000, 0.238237, 3.067292
6,1,1&7,1,0: 1000.000000, 0.239291, 3.238170
8,1,1&9,1,1: 5000.000000, 0.254055, 3.242933
15,0,1&16,0,0: 5000.000000, 0.250000, 3.141593
8,0,1&9,1,1: 5000.000000, 0.252824, 3.018925
2,0,0&3,1,0: 5000.000000, 0.250000, 3.141593
8,0,0&9,0,1: 5000.000000, 0.259954, 3.143396
9,0,0&9,0,1: 20000.000000, 0.253765, 3.223087
10,1,1&11,1,0: 1000.000000, 0.247824, 3.278547
11,1,0&11,1,1: 1000.000000, 0.245860, 3.123659
8,1,1&9,0,0: 5000.000000, 0.247983, 3.190616
8,0,1&9,0,0: 5000.000000, 0.241345, 3.237538
8,1,0&9,0,1: 5000.000000, 0.240833, 3.242962
13,0,0&13,0,1: 20000.000000, 0.270003, 3.281065
16,0,1&16,1,0: 0.000000, 0.244737, 3.140052
15,0,1&16,1,0: 5000.000000, 0.250000, 3.141593
5,1,0&6,0,1: 20000.000000, 0.243527, 3.020758
15,0,1&16,1,1: 5000.000000, 0.250000, 3.141593
5,0,0&5,1,0: 20000.000000, 0.244435, 3.076672
9,0,0&9,1,0: 20000.000000, 0.263370, 3.301671
3,1,1&4,0,0: 0.000000, 0.259010, 3.169928
8,0,0&9,0,0: 5000.000000, 0.251331, 3.166985
12,0,1&13,1,0: 5000.000000, 0.252906, 3.065313
18,0,0&18,1,1: 5000.000000, 0.250000, 3.141593
13,1,0&13,1,1: 20000.000000, 0.254700, 3.053351
1,0,0&2,1,0: 5000.000000, 0.241574, 3.232121
6,0,1&7,1,0: 1000.000000, 0.246975, 2.993842
8,0,0&8,0,1: 5000.000000, 0.261342, 3.068000
7,1,1&8,0,0: 5000.000000, 0.250000, 3.141593
8,0,1&8,1,0: 5000.000000, 0.247576, 3.008188
11,0,0&12,0,1: 5000.000000, 0.250000, 3.141593
8,1,0&8,1,1: 5000.000000, 0.251804, 3.146021
13,0,0&14,1,1: 20000.000000, 0.258433, 3.146785
1,0,0&1,0,1: 5000.000000, 0.251727, 3.109641
7,0,0&8,1,0: 5000.000000, 0.250000, 3.141593
7,1,1&8,1,0: 5000.000000, 0.250000, 3.141593
13,1,0&14,1,1: 20000.000000, 0.250369, 3.075361
2,0,1&3,1,0: 5000.000000, 0.250000, 3.141593
7,0,1&8,1,0: 5000.000000, 0.250000, 3.141593
13,1,0&14,0,0: 20000.000000, 0.254862, 3.089253
12,1,1&13,1,1: 5000.000000, 0.248953, 3.283872
7,0,0&8,1,1: 5000.000000, 0.250000, 3.141593
3,0,0&4,0,1: 0.000000, 0.256982, 3.033316
12,0,0&12,0,1: 5000.000000, 0.251721, 3.085040
6,0,1&7,1,1: 1000.000000, 0.239783, 3.189810
7,0,0&7,0,1: 1000.000000, 0.248629, 3.004917
6,1,1&7,0,0: 1000.000000, 0.239336, 2.985995
6,1,0&6,1,1: 1000.000000, 0.250576, 3.084983
6,0,1&7,0,0: 1000.000000, 0.246153, 3.030778
15,1,1&16,1,1: 5000.000000, 0.250000, 3.141593
0,0,1&0,1,1: 5000.000000, 0.250000, 3.141593
3,0,0&4,1,1: 0.000000, 0.249762, 3.226292
10,0,0&11,0,0: 1000.000000, 0.262436, 3.278425
6,1,0&7,0,0: 1000.000000, 0.252221, 3.186584
6,0,0&7,0,1: 1000.000000, 0.242142, 3.242752
6,0,0&7,1,1: 1000.000000, 0.258081, 3.136316
10,0,1&11,0,1: 1000.000000, 0.258294, 3.116859
4,0,1&5,1,1: 5000.000000, 0.250000, 3.141593
7,1,0&8,1,1: 5000.000000, 0.250000, 3.141593
6,0,0&7,0,0: 1000.000000, 0.240459, 3.057659
15,0,1&15,1,1: 5000.000000, 0.250000, 3.141593
6,0,1&6,1,1: 1000.000000, 0.261793, 3.123937
16,0,0&17,1,0: 0.000000, 0.248129, 3.096757
10,1,1&9,0,0: 20000.000000, 0.242257, 3.210860
0,1,1&1,1,0: 5000.000000, 0.250000, 3.141593
5,1,1&6,0,1: 20000.000000, 0.255822, 3.092758
1,0,1&1,1,0: 5000.000000, 0.258095, 3.232714
3,1,0&3,1,1: 0.000000, 0.251716, 3.287747
15,0,0&15,0,1: 5000.000000, 0.250000, 3.141593
0,1,0&1,1,1: 5000.000000, 0.250000, 3.141593
10,0,0&11,0,1: 1000.000000, 0.257347, 3.120706
1,0,1&2,0,1: 5000.000000, 0.252526, 3.193747
5,0,1&6,0,1: 20000.000000, 0.247072, 3.046510
8,0,1&8,1,1: 5000.000000, 0.257214, 3.039853
0,0,0&0,1,0: 5000.000000, 0.250000, 3.141593
8,1,0&9,0,0: 5000.000000, 0.251533, 3.061944
2,1,1&3,0,1: 5000.000000, 0.250000, 3.141593
6,0,0&6,0,1: 1000.000000, 0.239015, 3.204367
6,0,0&6,1,1: 1000.000000, 0.267999, 3.249637
4,1,0&5,1,1: 5000.000000, 0.250000, 3.141593
5,1,1&6,0,0: 20000.000000, 0.244175, 3.049109
6,0,1&6,1,0: 1000.000000, 0.236664, 3.192614
12,1,0&12,1,1: 5000.000000, 0.259047, 3.133384
18,0,0&19,0,0: 5000.000000, 0.250000, 3.141593
7,0,0&8,0,1: 5000.000000, 0.250000, 3.141593
5,0,1&6,1,0: 20000.000000, 0.244381, 3.231393
5,1,0&6,1,1: 20000.000000, 0.254567, 3.245647
10,1,0&9,0,1: 20000.000000, 0.239631, 3.122458
12,0,1&13,1,1: 5000.000000, 0.246640, 3.113538
7,0,1&8,0,0: 5000.000000, 0.250000, 3.141593
6,1,0&7,1,0: 1000.000000, 0.246314, 3.057966
5,1,0&6,0,0: 20000.000000, 0.255609, 3.025106
2,0,0&2,0,1: 5000.000000, 0.262429, 3.092154
2,1,0&3,1,0: 5000.000000, 0.250000, 3.141593
8,0,0&9,1,1: 5000.000000, 0.260162, 3.101094
2,0,1&2,1,1: 5000.000000, 0.256121, 3.077523
6,1,0&7,0,1: 1000.000000, 0.247807, 3.017430
1,0,0&1,1,0: 5000.000000, 0.240644, 3.228299
5,0,0&6,0,1: 20000.000000, 0.260144, 3.289199
5,0,1&6,0,0: 20000.000000, 0.252803, 3.281237
8,0,0&8,1,0: 5000.000000, 0.258396, 3.040893
5,0,1&5,1,1: 20000.000000, 0.258163, 2.990889
4,0,1&5,0,1: 5000.000000, 0.250000, 3.141593
10,1,0&11,1,0: 1000.000000, 0.239981, 3.017547
10,0,0&11,1,1: 1000.000000, 0.243436, 3.265097
1,0,1&2,1,0: 5000.000000, 0.250078, 3.238301
7,0,1&7,1,0: 1000.000000, 0.249573, 3.076335
8,0,1&9,1,0: 5000.000000, 0.257109, 2.997115
18,0,1&19,0,1: 5000.000000, 0.250000, 3.141593
4,0,0&5,1,0: 5000.000000, 0.250000, 3.141593
5,1,0&5,1,1: 20000.000000, 0.238285, 3.195841
7,1,0&7,1,1: 1000.000000, 0.243208, 3.186342
6,0,0&6,1,0: 1000.000000, 0.245325, 3.051830
4,1,1&5,0,0: 5000.000000, 0.250000, 3.141593
5,0,0&6,0,0: 20000.000000, 0.254891, 3.279318
0,0,1&1,0,1: 5000.000000, 0.250000, 3.141593
14,1,1&15,0,1: 5000.000000, 0.250000, 3.141593
9,1,0&9,1,1: 20000.000000, 0.259118, 3.392711
12,1,0&13,1,1: 5000.000000, 0.245633, 3.230795
7,1,0&8,0,0: 5000.000000, 0.250000, 3.141593
12,1,1&13,1,0: 5000.000000, 0.253580, 3.025913
13,0,0&14,1,0: 20000.000000, 0.247333, 3.232453
4,1,0&5,0,1: 5000.000000, 0.250000, 3.141593
4,1,1&5,1,1: 5000.000000, 0.250000, 3.141593
18,0,1&18,1,0: 5000.000000, 0.250000, 3.141593
3,1,0&4,1,0: 0.000000, 0.259913, 3.214265
7,0,0&8,0,0: 5000.000000, 0.250000, 3.141593
5,0,0&6,1,1: 20000.000000, 0.250621, 3.197023
4,1,0&5,0,0: 5000.000000, 0.250000, 3.141593
5,1,0&6,1,0: 20000.000000, 0.243053, 3.020603
4,1,0&5,1,0: 5000.000000, 0.250000, 3.141593
3,1,1&4,0,1: 0.000000, 0.242985, 3.164482
4,0,0&4,0,1: 0.000000, 0.241997, 2.987092
3,0,1&4,0,1: 0.000000, 0.246503, 3.083621
2,0,1&3,0,0: 5000.000000, 0.250000, 3.141593
10,1,0&9,0,0: 20000.000000, 0.238272, 3.060774
7,0,1&8,0,1: 5000.000000, 0.250000, 3.141593
5,0,0&5,0,1: 20000.000000, 0.251196, 3.096858
1,0,0&2,0,0: 5000.000000, 0.253586, 3.098714
7,0,0&7,1,1: 1000.000000, 0.244695, 3.297297
4,0,1&4,1,1: 0.000000, 0.238033, 3.138546
2,0,0&3,0,0: 5000.000000, 0.250000, 3.141593
4,1,0&4,1,1: 0.000000, 0.254567, 3.281542
3,1,1&4,1,1: 0.000000, 0.240728, 2.992125
3,0,1&3,1,0: 0.000000, 0.250173, 3.158921
11,0,0&11,1,1: 1000.000000, 0.247679, 3.078865
4,0,0&4,1,1: 0.000000, 0.247505, 3.095286
5,0,0&6,1,0: 20000.000000, 0.246095, 3.090922
4,1,1&5,0,1: 5000.000000, 0.250000, 3.141593
6,1,1&7,0,1: 1000.000000, 0.256739, 3.289139
3,0,1&4,0,0: 0.000000, 0.259179, 3.069840
17,0,0&18,0,1: 5000.000000, 0.250000, 3.141593
2,0,1&2,1,0: 5000.000000, 0.260820, 3.127972
16,1,0&16,1,1: 0.000000, 0.239787, 3.193853
7,1,0&8,0,1: 5000.000000, 0.250000, 3.141593
17,1,1&18,1,1: 5000.000000, 0.250000, 3.141593
1,1,0&1,1,1: 5000.000000, 0.245488, 3.055189
2,1,1&3,0,0: 5000.000000, 0.250000, 3.141593
4,0,1&4,1,0: 0.000000, 0.251532, 3.046550
3,1,1&4,1,0: 0.000000, 0.249894, 3.087295
3,0,1&4,1,0: 0.000000, 0.243191, 3.258082
3,1,0&4,1,1: 0.000000, 0.249833, 3.124833
12,0,0&13,1,0: 5000.000000, 0.239578, 3.278367
3,0,1&3,1,1: 0.000000, 0.261754, 3.154263
6,1,0&7,1,1: 1000.000000, 0.249241, 3.016017
15,0,0&16,1,0: 5000.000000, 0.250000, 3.141593
19,0,0&19,1,0: 5000.000000, 0.250000, 3.141593
2,0,1&3,1,1: 5000.000000, 0.250000, 3.141593
13,0,1&14,0,0: 20000.000000, 0.261771, 3.012549
13,1,1&14,0,1: 20000.000000, 0.253318, 3.294806
5,0,1&5,1,0: 20000.000000, 0.253962, 3.263494
10,0,0&9,0,1: 20000.000000, 0.261853, 3.246096
4,0,1&5,0,0: 5000.000000, 0.250000, 3.141593
15,1,0&15,1,1: 5000.000000, 0.250000, 3.141593
11,1,1&12,1,1: 5000.000000, 0.250000, 3.141593
0,0,0&1,1,0: 5000.000000, 0.250000, 3.141593
0,1,0&1,1,0: 5000.000000, 0.250000, 3.141593
2,1,0&3,0,0: 5000.000000, 0.250000, 3.141593
14,0,0&14,1,0: 20000.000000, 0.262383, 3.134927
12,0,1&13,0,0: 5000.000000, 0.256906, 3.027835
2,1,0&3,0,1: 5000.000000, 0.250000, 3.141593
0,1,1&1,0,0: 5000.000000, 0.250000, 3.141593
0,0,1&1,1,1: 5000.000000, 0.250000, 3.141593
0,0,0&0,0,1: 5000.000000, 0.250000, 3.141593
2,1,0&3,1,1: 5000.000000, 0.250000, 3.141593
2,1,1&3,1,0: 5000.000000, 0.250000, 3.141593
6,1,1&7,1,1: 1000.000000, 0.241806, 3.270779
2,0,0&3,0,1: 5000.000000, 0.250000, 3.141593
12,0,0&12,1,0: 5000.000000, 0.246313, 3.157099
1,1,1&2,0,1: 5000.000000, 0.255097, 3.029743
1,1,1&2,1,1: 5000.000000, 0.254426, 3.292125
1,1,0&2,0,0: 5000.000000, 0.244240, 3.070830
2,0,0&2,1,1: 5000.000000, 0.245021, 3.000831
10,0,1&10,1,0: 20000.000000, 0.259103, 3.019333
1,0,1&2,0,0: 5000.000000, 0.257315, 3.142229
10,0,1&9,1,0: 20000.000000, 0.248810, 3.224072
19,0,1&20,0,1: 5000.000000, 0.250000, 3.141593
2,0,1&3,0,1: 5000.000000, 0.250000, 3.141593
7,1,1&8,1,1: 5000.000000, 0.250000, 3.141593
13,1,1&14,0,0: 20000.000000, 0.259590, 3.180599
13,0,1&13,1,1: 20000.000000, 0.261572, 3.101675
4,0,0&5,1,1: 5000.000000, 0.250000, 3.141593
6,0,0&7,1,0: 1000.000000, 0.248486, 3.114688
17,0,0&18,1,1: 5000.000000, 0.250000, 3.141593
16,0,0&16,1,1: 0.000000, 0.238253, 3.049228
11,1,0&12,0,1: 5000.000000, 0.250000, 3.141593
0,1,0&1,0,0: 5000.000000, 0.250000, 3.141593
5,0,1&6,1,1: 20000.000000, 0.239580, 3.163666
2,1,1&3,1,1: 5000.000000, 0.250000, 3.141593
20,1,0&20,1,1: 5000.000000, 0.250000, 3.141593
2,0,0&2,1,0: 5000.000000, 0.252869, 3.111554
15,1,1&16,0,1: 5000.000000, 0.250000, 3.141593
1,1,0&2,0,1: 5000.000000, 0.242241, 3.127221
5,1,1&6,1,0: 20000.000000, 0.253855, 3.080135
3,0,0&4,0,0: 0.000000, 0.238417, 3.234455
1,1,0&2,1,1: 5000.000000, 0.238417, 3.105679
10,0,0&10,1,0: 20000.000000, 0.262963, 3.070164
1,1,1&2,0,0: 5000.000000, 0.250525, 3.146692
1,1,0&2,1,0: 5000.000000, 0.261397, 3.171234
3,0,0&3,1,1: 0.000000, 0.247886, 3.012299
3,1,0&4,0,1: 0.000000, 0.258984, 3.038091
14,0,1&14,1,0: 20000.000000, 0.257195, 3.202351
0,0,0&1,0,1: 5000.000000, 0.250000, 3.141593
0,1,0&1,0,1: 5000.000000, 0.250000, 3.141593
8,1,0&9,1,0: 5000.000000, 0.261407, 3.086359
1,0,1&1,1,1: 5000.000000, 0.252648, 3.165652
0,1,1&1,0,1: 5000.000000, 0.250000, 3.141593
18,0,0&18,1,0: 5000.000000, 0.250000, 3.141593
0,0,1&0,1,0: 5000.000000, 0.250000, 3.141593
3,0,0&4,1,0: 0.000000, 0.261130, 3.007542
3,1,0&4,0,0: 0.000000, 0.246632, 3.068282
3,0,1&4,1,1: 0.000000, 0.245759, 3.119889
4,0,0&4,1,0: 0.000000, 0.245668, 3.056221
11,1,1&12,0,0: 5000.000000, 0.250000, 3.141593
0,0,1&1,1,0: 5000.000000, 0.250000, 3.141593
17,0,0&17,1,0: 0.000000, 0.241844, 3.126918
0,0,0&0,1,1: 5000.000000, 0.250000, 3.141593
9,0,0&9,1,1: 20000.000000, 0.251493, 3.358136
6,0,1&7,0,1: 1000.000000, 0.238274, 3.087847
1,0,0&2,0,1: 5000.000000, 0.241426, 3.207996
8,0,0&8,1,1: 5000.000000, 0.248113, 3.193004
4,0,0&5,0,1: 5000.000000, 0.250000, 3.141593
16,1,1&17,1,0: 0.000000, 0.259178, 3.200224
18,1,1&19,1,1: 5000.000000, 0.250000, 3.141593
1,1,1&2,1,0: 5000.000000, 0.243493, 2.986426
1,0,0&2,1,1: 5000.000000, 0.248655, 3.064930
1,0,0&1,1,1: 5000.000000, 0.240325, 3.089628
17,0,0&17,0,1: 0.000000, 0.240070, 3.186091
0,0,0&1,1,1: 5000.000000, 0.250000, 3.141593
